
aaaaa:password

0000   00 24 b2 01 02 03 08 00 27 01 02 03 08 00 45 00
0010   00 00 00 00 00 00 00 11 00 00 7f 00 00 01 0a d3
0020   37 02 30 39 23 28 00 4d 00 00 00 00 00 00 00 00
0030   01 00 b2 3c d5 04 00 00 00 00 31 00 00 00 04 00
0040   31 38 30 32 00 00 25 00 00 00 02 00 00 00 00 00
0050   00 00 5f 50 ed 65 05 00 61 61 61 61 61 00 00 00
0060   00 00 09 00 00 00 08 70 61 73 73 77 6f 72 64

bbbbb:password

0000   00 24 b2 01 02 03 08 00 27 01 02 03 08 00 45 00
0010   00 00 00 00 00 00 00 11 00 00 7f 00 00 01 0a d3
0020   37 02 30 39 23 28 00 4d 00 00 00 00 00 00 00 00
0030   01 00 c1 3d d7 05 00 00 00 00 31 00 00 00 04 00
0040   31 38 30 32 00 00 25 00 00 00 02 00 00 00 00 00
0050   00 00 6d 50 ed 65 05 00 62 62 62 62 62 00 00 00
0060   00 00 09 00 00 00 08 70 61 73 73 77 6f 72 64

ccccc:password

0000   00 24 b2 01 02 03 08 00 27 01 02 03 08 00 45 00
0010   00 00 00 00 00 00 00 11 00 00 7f 00 00 01 0a d3
0020   37 02 30 39 23 28 00 4d 00 00 00 00 00 00 00 00
0030   01 00 ca 3e d9 06 00 00 00 00 31 00 00 00 04 00
0040   31 38 30 32 00 00 25 00 00 00 02 00 00 00 00 00
0050   00 00 75 50 ed 65 05 00 63 63 63 63 63 00 00 00
0060   00 00 09 00 00 00 08 70 61 73 73 77 6f 72 64
